8.456606999999999319e-02
4.315799999999999845e-04
6.832700000000000362e-04
6.293498000000000148e-02
5.379580000000000126e-03
1.772400000000000039e-04
3.678080000000000238e-02
5.379177000000000264e-02
1.409429999999999928e-03
3.746500000000000264e-04
6.031535136957966647e-04
1.988934081463048648e-02
5.630958169995731394e-04
1.795244904262624508e-02
1.612689184905486805e-03
7.845684735496327375e-03
2.394854256836988909e-02
2.352474449009838570e-02
4.038661854285166553e-02
4.733308677909231661e-03
7.445474535433347502e-04
2.389165861894564785e-03
3.009295925713396176e-04
2.787212089332451875e-03
9.942221031100345174e-04
5.087336170581073166e-03
9.825070539921371485e-03
1.588198742316815251e-04
2.571121757752292659e-04
8.757886622571080248e-02
